0.9709996673829403
0.9074395055474673
0.9749083281523293
0.9640556207459374
0.966838231258646
0.977010032433466
0.9725565506045692
0.9829534657564754
0.9822806657897489
0.9568362213052737
0.9807434978048435
0.9802625861370702
0.9838179938984045
0.9706189131208163
0.9761065541893398
0.9806710017770134
0.9513320474595587
0.9650093378166382
0.9741825872707464
0.9620847575840513
0.9529774791149591
0.9744856014522263
0.9742523812102946
0.9796869212402113
0.9793034648898054
0.9832843014395245
0.9688758660242983
0.9808851472772216
0.9631438761132154
0.9751835208322399
0.96242894358476
0.9642222295078529
0.9805959637846513
0.9761315134788769
0.9686979685380048
0.9729624242799806
0.9645697580918438
0.9768319748234225
