0.629346892143255
0.6792966731432852
0.709208585048469
0.6340870504275257
0.7299793346734669
0.6443415365701703
0.6281435085541137
0.6417401267573649
0.6631892249678369
0.6331737703826646
0.6201445964724113
0.6519321992289191
0.7199796643456783
0.6386054401356074
0.6262593758536871
0.741784040376204
0.6390849451663891
0.7188336933321875
0.7388476371864493
0.6895023886031996
0.6537329936749345
0.6312571105574966
0.6851820822833034
0.6590555195209958
0.6925546971808705
0.6278188374381525
0.6617563511111473
0.6743629124523435
0.727211248351839
0.7207502331310649
0.5998563125266958
0.7205404271751685
0.6132063967291396
0.6641040253457117
0.6738059104466243
0.6021667386024235
0.6255638234998995
0.6180763034335041
