0.9765653687796078
0.9731931025573805
0.9650061553571061
0.9613839759920055
0.9774519939990421
0.9732293505712957
0.97897819350707
0.9824614254880741
0.9826059371724843
0.9724339758739144
0.9673248673504832
0.9813606547684313
0.981290860828883
0.9727010622889795
0.9826531536632771
0.9607415394913805
0.9786084077218237
0.9685116445393659
0.9779384699671294
0.9819166044285667
0.9796063189475355
0.9781468910432739
0.9541675988871239
0.9773241752155737
0.9835512277308394
0.9735185340638659
0.9700602613723991
0.9738962659902078
0.9772128892092965
0.9778912534763367
0.9750445734481437
0.9588180529440373
0.9798565523379088
0.9743581029162578
0.9776826722764421
0.9568107816444862
0.96994643340159
0.9822528442881797
