0.663981758564396
0.5962766084283101
0.6412754249690852
0.6400637195571317
0.6765841189854226
0.6874532997707817
0.6405183391370046
0.7031697423003535
0.606118364166487
0.6632454372805819
0.6080448261387174
0.6484985271173799
0.6943144426355149
0.8034913567467817
0.645138351104426
0.6653993890821845
0.631052785802202
0.6130806891941611
0.7701944233864986
0.7381891329476808
0.654890567229846
0.7546117701621362
0.5941160951894904
0.6537470367509299
0.6507184133612625
0.5960543997557225
0.6634337585304685
0.7243459407348585
0.5829382467935778
0.6919751702412897
0.6617737949320419
0.6232257113598162
0.6440289881095554
0.6574759335284801
0.6876427812748105
0.5697181110550456
0.7025420048007316
0.6291302046800331
