0.7706508033519662
0.782925371973477
0.6704312912700396
0.7466937558002704
0.7862804268647003
0.8299060626239572
0.8497987799247547
0.8228364340925236
0.8056453485571479
0.8278020017504634
0.6731219606342573
0.8109505105998417
0.8360985390239878
0.8358997754868227
0.8141533321458733
0.706299267791617
0.6762380831897419
0.8184781994648107
0.8265784937532717
0.8348255401863224
0.8139537284246741
0.83928147621455
0.5
0.820152926296976
0.7421142727102945
0.8242126555400695
0.8379729495948793
0.708488747375225
0.8121935428736311
0.8398266356262676
0.8137524043266436
0.831742384851978
0.7704972897263416
0.7672416166037008
0.8132690184458004
0.8176458971573134
0.812089880167352
