0.8310980658291954
0.8605452838171452
0.6999636799303973
0.8209009851173379
0.855508030826544
0.9044483138348642
0.9100671162701381
0.923580019582334
0.9115095310259581
0.916140750217398
0.7034448503181199
0.9135223666258231
0.8952249856779314
0.9348573551583607
0.9024359586062493
0.7630704313521661
0.7135052053629127
0.9422944028062649
0.9270185770370772
0.9126684867132715
0.9004615927373312
0.8884887196220727
0.5
0.9296655827489717
0.8036070796954718
0.9138613085737181
0.9359896102103551
0.7684469465381625
0.8807327655104972
0.9357506655443594
0.9403235396443788
0.9461002040817225
0.8302468880049257
0.8286291177273444
0.8779587416338843
0.9182726578408859
0.8785426729193391
