0.7864013266998342
0.7847429519071311
0.8260917634051962
0.8095080154781648
0.7825317855168601
0.816694306246545
0.8423438363736871
0.8144831398562742
0.7346600331674958
0.7861802100608071
0.8306246545052515
0.7829740187949144
0.8027639579878386
0.8097291321171918
0.7468214483139857
0.7967938087341072
0.8015478164731896
0.8117191818684356
0.8342730790491985
0.8187949143173023
0.8069651741293532
0.8109452736318408
0.7991155334438916
0.8350469872857933
0.7791044776119403
0.8369264787175235
0.8090657822001106
0.8348258706467662
0.8197899391929243
0.7864013266998342
