0.8289662797125483
0.8375898286346047
0.8313985627418463
0.8228855721393035
0.8245439469320066
0.8415699281370923
0.8372581536760642
0.8386954118297402
0.8357103372028745
0.8384742951907131
0.8309563294637922
0.8266445550027639
0.835820895522388
0.8385848535102266
0.8248756218905473
0.8334991708126036
0.8158098396904367
0.8231066887783306
0.8332780541735766
0.8362631288004422
0.8386954118297402
0.837037037037037
0.8446655610834716
0.8302929795467109
0.8384742951907131
0.838253178551686
0.8342730790491985
0.8392482034273079
0.8395798783858486
0.8391376451077943
