0.7139813132499954
0.7461496526951701
0.7282076154291476
0.6801082948327352
0.7401424912455618
0.7589368845836567
0.7297724741699124
0.7644233442133266
0.735212559260226
0.7721253325333117
0.7599234216369137
0.68751727435005
0.7725258519812278
0.7554249254590648
0.7245115513736351
0.7385214390357918
0.7683779513015587
0.7181102063394991
0.739914134787101
0.7675860678941833
0.7687321293821783
0.7648660253490265
0.7297443774354097
0.7077795313265652
0.757660125180738
0.717811591458752
0.7413412631363014
0.7630959974194792
0.7636230019307466
0.7642540008489394
