0.7794605257025498
0.7751963636416471
0.8424789570667273
0.8255800658589519
0.7161780762314633
0.8236486458545106
0.856630064948063
0.817635353357319
0.71415422613943
0.7593644420000082
0.825358490709435
0.7811297437898326
0.8059389796008921
0.8054531348720391
0.7031160954312154
0.7959868185977383
0.7791190820295233
0.8262302897308831
0.8075846431041845
0.8132229063886626
0.805288392491011
0.8032230773899129
0.8002940942091712
0.8430162977603419
0.7654892206064776
0.8379690505619403
0.7864605121789214
0.8331994289228832
0.8194997978720515
0.7505893396032302
