0.833167495854063
0.8339414040906579
0.8255389718076285
0.8353786622443339
0.8341625207296849
0.8339414040906579
0.8334991708126036
0.8290768380320619
0.8316196793808734
0.831730237700387
0.8381426202321725
0.8260917634051962
0.8410171365395246
0.840685461580984
0.8287451630735213
0.8279712548369265
0.8276395798783859
0.7935876174682145
0.8402432283029297
0.8435599778883361
0.839469320066335
0.8291873963515755
0.8378109452736319
0.8298507462686567
0.8224433388612493
0.8248756218905473
0.8315091210613599
0.82808181315644
0.8287451630735213
0.8434494195688226
