0.7361704415285812
0.7454993420922484
0.7599827847564791
0.7243835935812166
0.707320993823502
0.7530837225474537
0.7634992634093201
0.6849548964643313
0.7450047517112138
0.7319921433307892
0.6886116408486447
0.7229517375235867
0.6039509335941792
0.759723069622209
0.7298802499479452
0.7395085144651969
0.7669972169267096
0.5645327424364637
0.7595064121557077
0.7474143046234156
0.7346295302618006
0.7488009794683382
0.730517173722629
0.7328853175085274
0.6728803361191635
0.7299149810842441
0.7260717559246624
0.7321933771551047
0.7534293015448342
0.7547911365022509
