0.7142961160958397
0.7714374103608019
0.7514182714092804
0.7388404547332084
0.6977186778466238
0.7486624030397283
0.7711450981713837
0.7574500133550711
0.7645167899052911
0.7313506680786465
0.7594413984384983
0.7334713246784335
0.7631880498849395
0.7640460120350886
0.7684643976889424
0.7360986181448779
0.7137199174201478
0.6909041084657351
0.7494423776776984
0.7679465486661317
0.7746296571747251
0.7539837321565832
0.7621459828038697
0.7687335226086827
0.7493720860833524
0.7860656252143744
0.7230485972000394
0.7601777849901208
0.7426116866758319
0.7490994780973514
