0.8049751243781095
0.8105030403537866
0.8316196793808734
0.8158098396904367
0.8336097291321172
0.7915975677169707
0.8160309563294638
0.8108347153123272
0.8289662797125483
0.8163626312880045
0.8117191818684356
0.8075179657269209
0.8192371475953566
0.8055279159756772
0.8023217247097844
0.8174682144831399
0.802653399668325
0.8247650635710337
0.8070757324488668
0.8139303482587065
0.8350469872857933
0.8029850746268656
0.810392482034273
0.8226644555002764
0.8161415146489773
0.8012161415146489
0.8301824212271973
0.8252072968490879
0.8283029297954672
0.8199004975124378
