0.5
0.5047110844463409
0.5114857236867915
0.6087027006909232
0.5038866460653003
0.5159223399498151
0.5251307013968343
0.5557815019788646
0.5196582702072344
0.508973849438205
0.5435435404389457
0.5179119339090226
0.5019201875693715
0.527903017255591
0.5304012281689802
0.5391468803504251
0.5081553625712687
0.5829477050235138
0.5051580068317792
0.5750962608508955
0.5029542421889591
0.5853092267021693
0.5396817901439126
0.5207694430377512
0.50168288142248
0.5022300574821261
0.5030436266660467
0.549587680220509
0.503028203023861
0.5302981803566952
