0.7637368711995578
0.7812050856826976
0.7798783858485351
0.7712548369264787
0.7608623548922057
0.7711442786069652
0.7858485351022665
0.7598673300165838
0.7793255942509674
0.7698175787728027
0.7381978993919293
0.7469320066334991
0.7063571033720287
0.7669430624654505
0.7526810392482034
0.7632946379215035
0.7651741293532338
0.6999447208402432
0.7828634604754008
0.7652846876727474
0.7601990049751244
0.7710337202874517
0.7448313985627418
0.7544499723604201
0.7317855168601437
0.7380873410724157
0.7598673300165838
0.7541182974018795
0.7918186843559978
0.7735765616362631
