0.6768380320619126
0.6784964068546158
0.6800442233278055
0.6971807628524046
0.6775013819789939
0.6843559977888336
0.6804864566058596
0.6870093974571586
0.6794914317302377
0.6776119402985075
0.6868988391376452
0.684024322830293
0.6775013819789939
0.683029297954671
0.6818131564400222
0.6845771144278607
0.680375898286346
0.6960751796572692
0.6784964068546158
0.6868988391376452
0.6780541735765616
0.6865671641791045
0.6820342730790492
0.67893864013267
0.6770591487009398
0.6756218905472637
0.6780541735765616
0.6886677722498618
0.6782752902155887
0.6781647318960752
