0.6862742177597104
0.7193201903863922
0.7025010605107461
0.6594272406034503
0.7256681615765911
0.6046440817131326
0.7540589000436942
0.7537019355100663
0.698131139236005
0.6964173047754629
0.7127375600464038
0.7165776571848094
0.7663345856006988
0.717416644916853
0.7171440037587925
0.717153159247249
0.7422926378063556
0.7052028252510495
0.6704275599840404
0.7469766653136889
0.7396984168833576
0.693114727691226
0.7327890085840002
0.7559814199313392
0.6922701338811057
0.7251846788075521
0.7150929421400994
0.713343281855162
0.7497058633473023
0.7663113983310208
