0.7188211073213906
0.6910242952541117
0.7272250084746208
0.7212839165053425
0.6589037501021258
0.7238946473590981
0.7461453747570637
0.7023824385963011
0.7141853807789901
0.6748982905798541
0.7015961960827749
0.7278380703101258
0.6833898159031833
0.7224785222988425
0.7122953140180901
0.7181421597100266
0.7425223276779607
0.7486176560690971
0.6814174058931501
0.720215493987406
0.5980143960699665
0.7482405033114448
0.7131782895918468
0.715685302040179
0.7237592993106414
0.681019241217158
0.6468161970148993
0.7249574257181186
0.6784060235805136
0.6892555499685212
