0.7375482371505042
0.7408191680898586
0.7512812708030279
0.6952768825376042
0.6882803644096707
0.7327728869630223
0.7524434870840605
0.7587028888750599
0.717020371492569
0.7673274916894038
0.7566293034278812
0.7591870350852913
0.7673317045409763
0.7558366902351938
0.7605916727780657
0.7263342897059272
0.7540673589188988
0.7575722855668502
0.7637248733258559
0.7409681438096359
0.7459613349126774
0.6882332932570624
0.7296804217044519
0.7284394881259286
0.7224323598483798
0.7343039765470885
0.7457182168876832
0.7470223764118525
0.7432391693557043
0.6859095573082492
