0.8327252625760089
0.8271973466003317
0.8404643449419569
0.8269762299613046
0.8180210060807076
0.839469320066335
0.8380320619126589
0.8372581536760642
0.8300718629076838
0.8414593698175787
0.8371475953565506
0.8410171365395246
0.8391376451077943
0.8378109452736319
0.838253178551686
0.8299613045881703
0.835599778883361
0.834383637368712
0.8278606965174129
0.8339414040906579
0.8363736871199557
0.8237700386954119
0.8354892205638474
0.8247650635710337
0.8359314538419016
0.815478164731896
0.8411276948590382
0.8412382531785517
0.8262023217247098
0.824212271973466
