0.7548922056384743
0.7510226644555003
0.7510226644555003
0.7529021558872305
0.736097291321172
0.751354339414041
0.775787728026534
0.7483692647871752
0.7559977888336097
0.747705914870094
0.7532338308457711
0.7563294637921504
0.747705914870094
0.7485903814262023
0.7677169707020454
0.7428413488114981
0.7739082365948038
0.7698175787728027
0.7439469320066335
0.760530679933665
0.709452736318408
0.7624101713653952
0.7691542288557214
0.7485903814262023
0.7737976782752902
0.7265892758430071
0.7197346600331676
0.761746821448314
0.7448313985627418
0.7430624654505251
