0.7180762852404643
0.7146489773355446
0.7228302929795467
0.725925925925926
0.719845218352681
0.7410724156992814
0.7118850193477059
0.7231619679380873
0.7362078496406854
0.7327805417357656
0.7122166943062466
0.7037037037037037
0.7100055279159757
0.7074626865671642
0.7331122166943063
0.6847982310668878
0.724930901050304
0.7245992260917634
0.7217247097844113
0.7370923161967938
0.7100055279159757
0.7112216694306247
0.7337755666113875
0.7219458264234384
0.7138750690989497
0.6996130458817026
0.7451630735212825
0.7385295743504698
0.7384190160309563
0.7202874516307353
