0.7237709519704404
0.7739627992600773
0.682896505960422
0.7548403010802281
0.7097069606790347
0.7178677849277573
0.6968044890554096
0.7326583438411362
0.7676942751526811
0.7028938508687697
0.7153958030444786
0.7149123534474991
0.7181671295938161
0.7671588449382688
0.6886675486896174
0.7504999029385535
0.7590085362324476
0.7022157807979685
0.7467771353750426
0.6998309087432659
0.7739234571973617
0.7592298933863272
0.7664083934333652
0.7372875379339089
0.6922659210295333
0.7495934432372321
0.7660865581108803
0.7026928945315595
0.7261108427122909
0.7606970604114954
