0.6685629177865108
0.6524446249333459
0.6650134683043594
0.6621160030011278
0.651635246956541
0.6708917759910444
0.6141127108358798
0.6672249447682727
0.6698009444857295
0.6856822944299528
0.6191844905665986
0.6164710751385082
0.6298860952848025
0.6957610578293817
0.6613465811988261
0.6190411792246222
0.6789003066063596
0.6756162164173941
0.6486438427311559
0.6901189106929765
0.6476736062252502
0.6199689727731362
0.6808755107544698
0.6672203903232069
0.6657275102899723
0.602007973799479
0.679455501842287
0.6689239204260771
0.6609764137863666
0.6463307155239965
