0.8372581536760642
0.8233278054173576
0.8289662797125483
0.8377003869541183
0.8301824212271973
0.8234383637368712
0.8250967385295743
0.8339414040906579
0.833167495854063
0.8291873963515755
0.8369264787175235
0.8287451630735213
0.82808181315644
0.8374792703150912
0.8267551133222775
0.8430071862907684
0.8263128800442233
0.8353786622443339
0.8350469872857933
0.833167495854063
0.8288557213930349
0.8375898286346047
0.8391376451077943
0.8269762299613046
0.8184632393587618
0.8337202874516307
0.830735212824765
0.8349364289662797
0.831951354339414
0.8286346047540077
