0.834604754007739
0.8304035378662245
0.8246545052515202
0.8250967385295743
0.8143725815367606
0.833167495854063
0.8277501381978994
0.8255389718076285
0.8275290215588723
0.815257048092869
0.8281923714759536
0.825649530127142
0.8080707573244886
0.8357103372028745
0.833167495854063
0.8300718629076838
0.8340519624101713
0.8311774461028192
0.8379215035931454
0.8333886124930902
0.8371475953565506
0.8383637368711996
0.8327252625760089
0.8181315644002212
0.8212271973466003
0.8275290215588723
0.8177998894416805
0.8275290215588723
0.8315091210613599
0.8274184632393587
