0.736790056555708
0.7535565092006689
0.7171327916026391
0.6986511112706318
0.750654451564348
0.705832430942738
0.6847086955777532
0.7661912491310578
0.6828698024524237
0.6792208095495194
0.7522488334381792
0.7054796792606824
0.6978612845309531
0.7430607036749203
0.7044474642813213
0.7670330564881698
0.7362707811343332
0.7248298704577997
0.7242094202545678
0.7586073201712793
0.7486272738285851
0.7574331619487815
0.7449347260113929
0.7109745645934971
0.7459521794242207
0.7590429688303386
0.7355308451723309
0.7387301244628945
0.729511774953317
0.6769490873901988
