0.6005473381196546
0.634930185107177
0.6336286476494649
0.582380914114566
0.5892701409575599
0.5993078584686358
0.6239944316181089
0.654053182282974
0.628814878628789
0.6086101588378084
0.6402900963564105
0.5866433158684801
0.6099849306545223
0.5674414401747655
0.6581357812516241
0.6033262760856539
0.6346560801618096
0.6380849346445515
0.6273710636601891
0.6365587205440567
0.6007534337442244
0.6299845886520218
0.585331635689548
0.5998399741240461
0.6252605673463836
0.5990901671710459
0.6426670416772517
0.5983761810681945
0.6416196310776555
0.6712381373470866
