0.6936428966279713
0.709452736318408
0.7242675511332227
0.6901050304035379
0.7092316196793809
0.7011608623548922
0.7098949695964621
0.72106135986733
0.7125483692647872
0.6985074626865672
0.7107794361525704
0.695632946379215
0.6967385295743505
0.6889994472084024
0.7176340519624101
0.7153123272526257
0.7056937534549474
0.7077943615257049
0.7088999447208403
0.7168601437258154
0.7009397457158651
0.7124378109452736
0.6990602542841349
0.6935323383084577
0.6943062465450525
0.7081260364842454
0.7010503040353787
0.6888888888888889
0.718629076838032
0.7207296849087894
