0.5682781448219647
0.5470495131326166
0.6004895274028386
0.5660077679273854
0.5713357980611588
0.6136728296783959
0.5856043435658769
0.5632593140078077
0.5558831527221109
0.6083395745064184
0.5843301886613206
0.6016862008585158
0.6064880668509829
0.6352715728974418
0.6069227229702627
0.5950082946782957
0.6204979310525194
0.6267345031234551
0.5536457466568416
0.6040266547360696
0.5062614678412031
0.5640125856920235
0.5792833047008691
0.5467193018946602
0.6005238394184259
0.6010198268684989
0.6257492062133136
0.5100986856039188
0.6182882148955948
0.6249327870085544
