0.7190707696700694
0.7478339640226457
0.6909807359234698
0.7311279176982624
0.7370198062406729
0.657057826728533
0.7313506680786465
0.7558837613878022
0.7691368285096072
0.6643782700187076
0.7355969239151045
0.7424718664445111
0.7595193859506774
0.7529697618100162
0.7129160588992476
0.7569216156172995
0.70149763887914
0.7228715247457594
0.6861098170322073
0.7028024950165614
0.6542576736593811
0.6776123958944666
0.7220571175098982
0.7491423032263278
0.7593725332427161
0.734355990336581
0.7066018568657472
0.7657527808469303
0.7317286968701366
0.7429770769126047
