0.6911000552791597
0.687893864013267
0.680375898286346
0.6967385295743505
0.6895522388059702
0.6964068546158099
0.7002763957987839
0.6810392482034273
0.688114980652294
0.6870093974571586
0.694195688225539
0.6939745715865119
0.6981757877280266
0.7224986180210061
0.6970702045328911
0.6987285793255943
0.7049198452183527
0.7103372028745163
0.683029297954671
0.7027086788280819
0.6780541735765616
0.6868988391376452
0.6896627971254837
0.6951907131011609
0.7003869541182974
0.7048092868988391
0.6924267551133223
0.6807075732448867
0.700718629076838
0.7131011608623549
