0.8308457711442786
0.8422332780541736
0.8200110558319513
0.829297954671089
0.8170259812050856
0.8131564400221116
0.831730237700387
0.8320619126589276
0.8095080154781648
0.8172470978441128
0.8379215035931454
0.8371475953565506
0.8315091210613599
0.8185737976782753
0.8264234383637369
0.8375898286346047
0.8273079049198452
0.8321724709784412
0.8228855721393035
0.822996130458817
0.8096185737976783
0.8172470978441128
0.8246545052515202
0.8158098396904367
0.8357103372028745
0.8271973466003317
0.833167495854063
0.8248756218905473
0.8253178551686015
0.829297954671089
