0.6819237147595356
0.6998341625207297
0.6800442233278055
0.6888888888888889
0.6933112216694306
0.7016030956329464
0.7000552791597567
0.6825870646766169
0.6908789386401327
0.6793808734107242
0.6844665561083472
0.6849087893864013
0.6780541735765616
0.6859038142620232
0.6937534549474847
0.7006080707573245
0.6812603648424544
0.6823659480375899
0.6767274737423992
0.6771697070204533
0.6855721393034826
0.6865671641791045
0.690326147042565
0.6800442233278055
0.7025981205085683
0.7039248203427307
0.6818131564400222
0.6805970149253732
0.7075732448866777
0.6780541735765616
