0.5359353539273232
0.5911770284296843
0.5083572669887227
0.5666446917020693
0.5710735961440001
0.5910536392921979
0.6239657078786758
0.5647602691000853
0.5257465573704165
0.5092079982090693
0.5840255996695317
0.5578051005984709
0.5068871591808168
0.5521044721521111
0.5983943988484575
0.6021173363638181
0.5121159694714709
0.5764850592407568
0.5065327786484933
0.5038203970514914
0.5308541020685228
0.5415108329292078
0.6688896642932513
0.5140778735223339
0.6010846788132692
0.6153830377712702
0.5104684897784282
0.5858150495182739
0.5791066034088709
0.5090323866309211
