0.8321724709784412
0.8184632393587618
0.8129353233830846
0.8206744057490326
0.8378109452736319
0.8281923714759536
0.8250967385295743
0.8190160309563295
0.8208955223880597
0.8118297401879492
0.8336097291321172
0.8336097291321172
0.8148148148148148
0.8222222222222222
0.8204532891100055
0.8332780541735766
0.8372581536760642
0.8329463792150359
0.8211166390270868
0.8145936981757878
0.8364842454394693
0.8122719734660033
0.8075179657269209
0.8097291321171918
0.8267551133222775
0.8384742951907131
0.8330569375345495
0.8212271973466003
0.8342730790491985
0.8275290215588723
