0.736567306175324
0.6811861877382003
0.6756856631552494
0.6852637968235232
0.7466035791590829
0.7365525446087906
0.7321980815138348
0.7371041296162404
0.705107256547269
0.7149650306781843
0.746134891128637
0.7127418060700358
0.711552156495693
0.7286053152519957
0.7369769479396369
0.7311426792647957
0.7376206185846066
0.6938371156336866
0.6855561090129415
0.6649326746512257
0.7103330501324029
0.7120257539909637
0.7518173644586326
0.740352569899169
0.7206756670868019
0.7522741437196734
0.7329970305699106
0.7100969314119899
0.7473427853357735
0.713954609741997
