0.6770591487009398
0.6919845218352682
0.6781647318960752
0.6841348811498065
0.6957435046987286
0.68424543946932
0.6886677722498618
0.677943615257048
0.6940851299060254
0.6843559977888336
0.6772802653399669
0.687893864013267
0.6853510226644555
0.6805970149253732
0.6790491984521835
0.6821448313985627
0.6775013819789939
0.6768380320619126
0.6864566058595909
0.6902155887230514
0.6787175234936429
0.6884466556108347
0.6798231066887783
0.6787175234936429
0.6798231066887783
0.6773908236594803
0.6901050304035379
0.6761746821448315
0.686677722498618
0.6833609729132117
