0.7214703701192455
0.7304041697013574
0.7195752835249108
0.7206686346101613
0.75043382419578
0.7403827896454875
0.7350396996575184
0.7017787057403453
0.7115943181834768
0.7553377824584292
0.6697797096595578
0.7198479246829712
0.737045116522167
0.6859749062657111
0.7431225363940618
0.742478865749092
0.7496475468664809
0.7287142191237455
0.6883478032068889
0.7279370972829031
0.7261466685366863
0.7159825172630716
0.7477580663502229
0.7036000176740733
0.7306634425193888
0.7422736965603096
0.7517035511220582
0.755557713213745
0.7359067841240645
0.7672445615403406
