0.812824765063571
0.8323935876174682
0.8274184632393587
0.8225538971807629
0.8228855721393035
0.8132669983416252
0.8340519624101713
0.8258706467661692
0.8158098396904367
0.8300718629076838
0.8168048645660586
0.8306246545052515
0.8273079049198452
0.8245439469320066
0.8339414040906579
0.8171365395245992
0.8321724709784412
0.8147042564953013
0.805085682697623
0.8391376451077943
0.8243228302929796
0.8245439469320066
0.835599778883361
0.8155887230514096
0.8227750138197899
0.8252072968490879
0.821779988944168
0.8259812050856827
0.8246545052515202
0.8306246545052515
