0.5021298038079185
0.6000373240964344
0.5036616061845676
0.5325632763303086
0.5903897520850696
0.5155725138625572
0.6320001680953466
0.5040345677351041
0.5861255900241671
0.591094685180551
0.5019356112115573
0.5918311361535425
0.5516067243950495
0.5178828469316397
0.5044937563867011
0.5311825529994905
0.5029928012944235
0.5
0.5931827725069778
0.5546640143962935
0.5068408882542594
0.5848205878352394
0.5062274631808044
0.5244496302405318
0.5570872306436923
0.5013022080508507
0.5621800222927512
0.5007613467432589
0.5545532547629157
0.5382484811344825
