0.6771697070204533
0.6880044223327806
0.6825870646766169
0.6810392482034273
0.6826976229961305
0.6771697070204533
0.6849087893864013
0.688114980652294
0.6799336650082919
0.6887783305693753
0.6945273631840796
0.680375898286346
0.6796019900497512
0.6883360972913212
0.6792703150912106
0.6781647318960752
0.6802653399668325
0.6775013819789939
0.6769485903814262
0.6805970149253732
0.6835820895522388
0.6793808734107242
0.6759535655058043
0.6814814814814815
0.690547263681592
0.6819237147595356
0.6783858485351023
0.6819237147595356
0.6804864566058596
0.6786069651741293
