0.7284914687433615
0.771135942682927
0.6760693311968757
0.7488162550522706
0.7610238051988049
0.7307442496566361
0.7589340649585886
0.6925202843827403
0.6885642508959442
0.7274381895061384
0.7351113513063091
0.6786031457992961
0.7038600202774166
0.7348211289566472
0.711008997191388
0.6759583043133098
0.7326309105478259
0.7150423215771111
0.6885002951649866
0.7465388936428136
0.7073614306870478
0.7732074051182896
0.7066390759166469
0.7304891565181174
0.7256934386860256
0.7133762880544893
0.7446824524979424
0.7386071556378635
0.7464855197988765
0.66175658263034
