0.8122719734660033
0.8183526810392482
0.8195688225538972
0.8097291321171918
0.8302929795467109
0.8226644555002764
0.8350469872857933
0.8155887230514096
0.8231066887783306
0.8313985627418463
0.8187949143173023
0.8043117744610282
0.8257600884466556
0.805085682697623
0.81934770591487
0.8161415146489773
0.8127142067440575
0.8096185737976783
0.8139303482587065
0.8088446655610835
0.8224433388612493
0.8075179657269209
0.816694306246545
0.8057490326147042
0.8196793808734107
0.8110558319513543
0.8223327805417358
0.8266445550027639
0.8301824212271973
0.8042012161415146
