0.5045354728681929
0.5498127201012417
0.5273975576774365
0.5139190826554103
0.5296244577835355
0.5018539385555625
0.5789892216682502
0.5830560337567645
0.5063985203138868
0.5709428584233707
0.5551677136674593
0.5571380560153154
0.5099970348606726
0.5380802181394773
0.5295953708061525
0.5043766820012691
0.5557156162030056
0.5029034168173359
0.5032101293540635
0.5070673252040309
0.5221438516165151
0.5056326191255622
0.5057823011023546
0.5246143726215599
0.565098862752273
0.5664154606142209
0.5048081807445216
0.5190416877577522
0.5073431904563867
0.5039882968085466
