0.7442074286041078
0.69574205432973
0.6996742039335959
0.6963709302361067
0.7317048129872064
0.7183329567198831
0.7519030810607045
0.7286875156157471
0.7397567333641789
0.6824495788010901
0.7132680807959915
0.7154182605288449
0.7005166747319
0.6958411060997711
0.7283909905747564
0.7147858683841479
0.7567676972606381
0.7018032862365278
0.7382291268463734
0.733729171097901
0.6920965776651462
0.7441414162054534
0.6937555787111275
0.675313937055088
0.7067641345814344
0.7101222085214245
0.7522361948834619
0.685626367435228
0.7121466329762384
0.732555742660715
