0.6808181315644002
0.6820342730790492
0.677943615257048
0.6965174129353234
0.6847982310668878
0.6802653399668325
0.6781647318960752
0.6778330569375346
0.6773908236594803
0.6773908236594803
0.6768380320619126
0.6826976229961305
0.6927584300718629
0.6955223880597015
0.6801547816473189
0.682808181315644
0.6808181315644002
0.679159756771697
0.677943615257048
0.6790491984521835
0.685461580983969
0.6769485903814262
0.695632946379215
0.67893864013267
0.6937534549474847
0.6782752902155887
0.677722498618021
0.6811498065229409
0.679159756771697
0.6820342730790492
