0.5343141670735864
0.5473688551734528
0.5028725695329643
0.5917659209708221
0.5495894405274975
0.5267550456265984
0.5045554509554444
0.5317514674533768
0.5030005131155165
0.564497033351838
0.5027709187897179
0.5497359651282627
0.553860951171543
0.6233880477726081
0.5571534796575011
0.51817553289522
0.5239455677314158
0.5557927344139345
0.5053753348914193
0.5401581627446841
0.5431074872506274
0.5225171764050016
0.5972800686419136
0.5294397373152558
0.58328842222064
0.5778430103462463
0.5024410707897117
0.5148946000822817
0.5169104868807952
0.5260953496265858
