0.8095080154781648
0.8290768380320619
0.8266445550027639
0.8176893311221669
0.8304035378662245
0.8255389718076285
0.8006633499170812
0.8132669983416252
0.8311774461028192
0.8087341072415699
0.8141514648977336
0.8164731896075179
0.8025428413488115
0.8108347153123272
0.8151464897733555
0.8257600884466556
0.8133775566611388
0.8163626312880045
0.8330569375345495
0.8011055831951355
0.8189054726368159
0.8378109452736319
0.8132669983416252
0.8037589828634605
0.8043117744610282
0.8072968490878939
0.8351575456053068
0.8147042564953013
0.8264234383637369
0.8258706467661692
