0.7474847285789104
0.7504008179964526
0.7336153909333861
0.7452347672907038
0.7362208903566567
0.7616765981601714
0.7281640605148596
0.724113154937535
0.742514724745547
0.7313808878249651
0.7256098450957698
0.749535823369663
0.7816514524120931
0.6414655323060698
0.7310843627839745
0.7257370267723732
0.7542170312519282
0.7591294152177221
0.7570516169189712
0.7449993783556026
0.7609071722371622
0.7600105646375495
0.7482731289200252
0.7441154093107072
0.7593528622113582
0.7730261529844968
0.7718955496762873
0.753762408174763
0.7373514936648664
0.7455081050620165
