0.5399786673146086
0.5896143787686636
0.5692101854603562
0.5642544462839808
0.606424248737301
0.568931526069923
0.5100510176083229
0.6026886817178315
0.5709958073399325
0.6053481702810334
0.5685775087755495
0.5778934724799194
0.5773336669161646
0.5898678350336408
0.5965572810041193
0.5962645950405391
0.6038643991379301
0.5434313837365293
0.6068179148509892
0.6591715961782002
0.6141386963199971
0.5407032152593916
0.5866261319193058
0.6418699299666055
0.6357255365108346
0.5745662687404237
0.5882750086813869
0.6218422188228118
0.6038370165847743
0.5677516733254703
