0.8192371475953566
0.8267551133222775
0.8301824212271973
0.8197899391929243
0.8344941956882256
0.815257048092869
0.8185737976782753
0.8341625207296849
0.8275290215588723
0.8137092316196793
0.8139303482587065
0.8056384742951908
0.8111663902708679
0.8155887230514096
0.8312880044223327
0.8248756218905473
0.8196793808734107
0.8087341072415699
0.8255389718076285
0.8148148148148148
0.8351575456053068
0.824212271973466
0.8216694306246545
0.8176893311221669
0.820563847429519
0.8262023217247098
0.8132669983416252
0.8241017136539525
0.8182421227197346
0.8110558319513543
