0.7236042012161416
0.709452736318408
0.7216141514648977
0.7335544499723604
0.7223880597014926
0.7178551686014373
0.6914317302377004
0.7260364842454394
0.6970702045328911
0.6892205638474295
0.7056937534549474
0.7080154781647319
0.6824765063571033
0.6998341625207297
0.7024875621890547
0.7218352681039248
0.7016030956329464
0.7199557766721946
0.7165284687672747
0.68424543946932
0.7140961857379767
0.7023770038695412
0.7044776119402985
0.712106135986733
0.7119955776672194
0.6998341625207297
0.7079049198452183
0.7124378109452736
0.7018242122719734
0.6993919292426755
