0.8300718629076838
0.8267551133222775
0.8196793808734107
0.8151464897733555
0.8097291321171918
0.8304035378662245
0.8187949143173023
0.8093974571586512
0.8246545052515202
0.7973466003316749
0.7953565505804312
0.8109452736318408
0.8189054726368159
0.814262023217247
0.8036484245439469
0.812824765063571
0.8164731896075179
0.8182421227197346
0.8294085129906026
0.8034273079049199
0.8068546158098396
0.8124930901050305
0.8288557213930349
0.829519071310116
0.8021006080707573
0.8168048645660586
0.8247650635710337
0.811608623548922
0.8161415146489773
0.8238805970149253
