0.6401326699834162
0.6846876727473742
0.6950801547816473
0.6823659480375899
0.6864566058595909
0.684024322830293
0.682808181315644
0.6876727473742399
0.6817025981205086
0.6812603648424544
0.7264787175234937
0.705804311774461
0.6913211719181869
0.7088999447208403
0.6965174129353234
0.700497512437811
0.6813709231619679
0.7029297954671089
0.6810392482034273
0.690547263681592
0.6805970149253732
0.6836926478717523
0.7027086788280819
0.6966279712548369
0.7008291873963516
0.6864566058595909
0.6861249309010503
0.6755113322277502
0.7071310116086236
0.6823659480375899
