0.7469724856341762
0.7074471472891196
0.7373353056997692
0.725509333755105
0.7145525692888031
0.7010127960556563
0.6554198899404136
0.7417431758107218
0.7390624753282807
0.6833518256508392
0.7402422728009147
0.7614805181157261
0.7202203142243251
0.7179802050378274
0.731246673671721
0.7450850949576745
0.6951890429237163
0.7353474700267222
0.6768436665847095
0.6943915202662044
0.6746689063556738
0.6567802761056479
0.7052091279423782
0.6933466335600665
0.7067838387848517
0.7378953495824234
0.7227457362956602
0.7027104425511012
0.7426004413476189
0.7405486499436141
