0.8300718629076838
0.8257600884466556
0.8183526810392482
0.8141514648977336
0.8402432283029297
0.829519071310116
0.8197899391929243
0.8347153123272526
0.8218905472636816
0.8386954118297402
0.8239911553344389
0.824212271973466
0.8334991708126036
0.8060807075732449
0.8332780541735766
0.8174682144831399
0.8210060807075732
0.8249861802100608
0.8321724709784412
0.8391376451077943
0.8378109452736319
0.8288557213930349
0.8144831398562742
0.8299613045881703
0.83681592039801
0.8360420121614152
0.8133775566611388
0.8275290215588723
0.8287451630735213
0.8145936981757878
