0.7441041639824942
0.6798539314795283
0.6729571949069477
0.7689745176218605
0.7532895072927447
0.7011125776110093
0.721765501933732
0.7505589160326269
0.7176141181878024
0.732722996185346
0.7445475417314462
0.7231497719818967
0.7220557242833939
0.6356073465762387
0.7220634533732866
0.7288484332769894
0.7679654899121775
0.7664413996326924
0.7510325135278976
0.768562786017791
0.7464496939744811
0.7332977684624737
0.6879423742941484
0.752648656272843
0.7508702026401509
0.7457421007706135
0.7510739454303696
0.7288814726483763
0.7706187902733682
0.7298722225532057
