0.7529627625054353
0.7595453928454238
0.7655237277752177
0.7560931766002169
0.7756920919004048
0.7440873125762045
0.7602951477370751
0.7410074858723514
0.7617313984026725
0.7484312269561995
0.7625570509667465
0.7491542783398526
0.7559821497166509
0.7660542485248054
0.7506664266778726
0.7430501549599593
0.7600147774891219
0.7637031124547418
0.7622703448554049
0.7499005169931836
0.7494318289627376
0.7819353388983665
0.745737191305789
0.7153381831769093
0.7537406141315893
0.7592228609096868
0.7446958208379714
0.7579678955499417
0.7448946873354251
0.7403870356691197
