0.7386401326699834
0.7421779988944168
0.7631840796019901
0.7632946379215035
0.7642896627971255
0.761746821448314
0.7646213377556661
0.7670536207849641
0.7328911000552791
0.7496959646213378
0.7710337202874517
0.7658374792703151
0.7370923161967938
0.7709231619679381
0.7721393034825871
0.7703703703703704
0.7463792150359314
0.7665008291873964
0.7689331122166944
0.7410724156992814
0.7702598120508568
0.7682697622996131
0.7443891652846877
0.7484798231066888
0.7556661138750691
0.7637368711995578
0.7430624654505251
0.7626312880044224
0.7650635710337202
0.7567716970702045
