0.75150358158207
0.7583195181833006
0.7438385623019586
0.7337826270106198
0.7522652356805174
0.7505942572862458
0.7593122195593466
0.7241862994915897
0.7589922069253717
0.5623191424276119
0.7271878464381948
0.7429724074394262
0.734444083317621
0.7586928429717871
0.7264219452498702
0.7493015213634768
0.7460616344388918
0.7493355260238755
0.7396238285436405
0.7467202407250542
0.7544549737501904
0.7363074940012649
0.7293337444814376
0.7290098479955358
0.7453409144632747
0.739662750887055
0.7069533131939312
0.7517688849924945
0.75677860691652
0.7523216493282948
