0.775893744850867
0.7471818676745311
0.7428913603105329
0.770106547328634
0.7283804750318552
0.7549449921004057
0.7715941151704718
0.7131606033228054
0.7243119882629292
0.7470575056229959
0.6970159941075806
0.7700032495349609
0.7097870712030299
0.7624881857709646
0.7310281361429095
0.7532663200230666
0.7807471157225876
0.7548339652168398
0.7260293389617914
0.7639623852727732
0.7280572464828661
0.7501851000927093
0.7187819737189713
0.7310773303073339
0.7673295815291602
0.7091638013747297
0.7730127846444678
0.7530021045681509
0.7612451623526846
0.7780397117321481
