0.5014809770050259
0.5331458541193922
0.5230717010477905
0.5299125893020501
0.5363836733818
0.503697007914005
0.5099199166497435
0.5057451390659286
0.5303472454213298
0.5013330553352222
0.5208847571161948
0.502484184340242
0.5487758713435769
0.6017005906696129
0.5044275073728922
0.6119976600770086
0.5063322713000779
0.5215476104922344
0.5190231067395392
0.5027246478631605
0.5865728756475556
0.5036924534689392
0.5187966697897679
0.5172126449724571
0.514621892205953
0.599295228964527
0.5216278860791906
0.5196151566567043
0.6478733870977655
0.501624344229764
