0.8404643449419569
0.8155887230514096
0.8168048645660586
0.8161415146489773
0.8170259812050856
0.8279712548369265
0.8071862907683803
0.8227750138197899
0.8180210060807076
0.820342730790492
0.8260917634051962
0.812824765063571
0.8111663902708679
0.8180210060807076
0.8325041459369817
0.8306246545052515
0.8228855721393035
0.8340519624101713
0.812824765063571
0.8302929795467109
0.8200110558319513
0.816694306246545
0.8091763405196241
0.820563847429519
0.8257600884466556
0.8271973466003317
0.8247650635710337
0.8212271973466003
0.826865671641791
0.8349364289662797
