0.48486219813948406
0.556658526038517
0.5487828566887697
0.5164186906378381
0.5335633262894975
0.5819112195037991
0.5757391361396837
0.5905057926394133
0.5695593409544754
0.5099707420213667
0.6559992994537013
0.609173792370729
0.5497601344226299
0.6624097786785581
0.5897100779978056
0.5650304901935254
0.5350800682619109
0.6158993665465448
0.5668346930913147
0.5521381135745598
0.509748859516661
0.5192758365286165
0.5748873152054871
0.6154450955779637
0.5785937952475735
0.5458089996505092
0.5545918138683803
0.5005394642385532
0.6220419996953271
0.5598595465024488
