0.6773908236594803
0.6834715312327253
0.6818131564400222
0.6836926478717523
0.6844665561083472
0.67893864013267
0.6807075732448867
0.6790491984521835
0.6825870646766169
0.6769485903814262
0.6836926478717523
0.6783858485351023
0.6823659480375899
0.6847982310668878
0.6787175234936429
0.6960751796572692
0.6796019900497512
0.6805970149253732
0.6834715312327253
0.6775013819789939
0.6876727473742399
0.677722498618021
0.681592039800995
0.6773908236594803
0.6799336650082919
0.7064676616915423
0.6781647318960752
0.6788280818131565
0.7199557766721946
0.6766169154228856
