0.8228855721393035
0.8180210060807076
0.8332780541735766
0.8208955223880597
0.8162520729684909
0.8320619126589276
0.830514096185738
0.8359314538419016
0.8234383637368712
0.8379215035931454
0.8228855721393035
0.8273079049198452
0.8259812050856827
0.8330569375345495
0.8334991708126036
0.8316196793808734
0.8304035378662245
0.8306246545052515
0.835820895522388
0.8090657822001106
0.831951354339414
0.833167495854063
0.81934770591487
0.8275290215588723
0.8129353233830846
0.8024322830292979
0.826865671641791
0.8266445550027639
0.8284134881149806
0.829297954671089
