0.8385848535102266
0.8373687119955777
0.8380320619126589
0.8458817025981205
0.8354892205638474
0.8393587617468214
0.8401326699834163
0.8284134881149806
0.8320619126589276
0.8361525704809287
0.8414593698175787
0.8374792703150912
0.8424543946932007
0.8404643449419569
0.8360420121614152
0.8294085129906026
0.8371475953565506
0.8438916528468767
0.8298507462686567
0.8381426202321725
0.8339414040906579
0.8395798783858486
0.8427860696517413
0.8363736871199557
0.8339414040906579
0.8333886124930902
0.8351575456053068
0.8384742951907131
0.8426755113322277
0.8351575456053068
