0.74383637368712
0.7275843007186291
0.7278054173576561
0.7236042012161416
0.7276948590381426
0.7423991155334438
0.7179657269209508
0.7187396351575456
0.6927584300718629
0.756440022111664
0.7231619679380873
0.7293532338308458
0.7197346600331676
0.7315644002211167
0.727363184079602
0.7482587064676617
0.742620232172471
0.7436152570480928
0.7101160862354893
0.7134328358208956
0.7258153676064124
0.7280265339966833
0.7101160862354893
0.7268103924820343
0.7223880597014926
0.7030403537866224
0.7219458264234384
0.7213930348258707
0.7377556661138751
0.7334438916528468
