0.7565758964118844
0.6800696493832716
0.6962072261218559
0.7719763568135345
0.7675031377451199
0.7452087603959576
0.7103112560892292
0.7162397002413465
0.7082369740287984
0.737845458804747
0.7501808540690772
0.7576025053131689
0.7304842470532927
0.7034510751263557
0.7376184955727906
0.7409604147197433
0.7561367315145049
0.7454244782997012
0.7257370267723732
0.7095565585606936
0.7707537010398644
0.7035360951151755
0.7115683444607902
0.7393098393769066
0.702275490505294
0.7460140121433623
0.7411297580841305
0.7705646866441195
0.7020169143005148
0.7170274039692095
