0.6893919932997747
0.7271388448400795
0.7451005531374599
0.676061602106983
0.7288688340936591
0.74754583151274
0.7140368101057487
0.7292651406900027
0.7168784282494322
0.7091286389915269
0.7112753024860601
0.7085643822573003
0.7422258956223895
0.7571520619155165
0.7099760855987749
0.7128162773438946
0.7598559496676358
0.7275379378894317
0.7321826233340495
0.6692337307301848
0.7382326430846937
0.7537729237176644
0.7336259064762874
0.6859067376831811
0.7136594779275104
0.7423158582480933
0.6883695972500629
0.6961467866292185
0.7510577906373321
0.6909090511026195
