0.6811498065229409
0.6971807628524046
0.6817025981205086
0.7218352681039248
0.6776119402985075
0.6906578220011056
0.6754007739082366
0.67893864013267
0.6769485903814262
0.677943615257048
0.6747374239911553
0.7056937534549474
0.6773908236594803
0.682808181315644
0.6790491984521835
0.684024322830293
0.6792703150912106
0.6986180210060807
0.6780541735765616
0.6801547816473189
0.6802653399668325
0.6787175234936429
0.6767274737423992
0.6771697070204533
0.6996130458817026
0.677722498618021
0.6867882808181316
0.6788280818131565
0.6865671641791045
0.7001658374792703
