0.662405894826631
0.5612539331684644
0.5510227495369274
0.5565814078275878
0.6039740690574579
0.5056634664099338
0.5582306478276191
0.5568015300253049
0.5642362285037178
0.5963953327611684
0.5554838983322684
0.5038172396754643
0.5355851646021152
0.5095115533697696
0.6565923832019549
0.5590105755890908
0.5068317793641279
0.5084035379152801
0.5117321387238143
0.6191231592358054
0.590613758134714
0.5012268501469103
0.5114780118656985
0.6130776223852037
0.6048949331435406
0.6155926540098172
0.5082878605988865
0.5666695874723366
0.5937169558245652
0.6054848595157669
