0.6829495715077493
0.6835072535265655
0.7415720692593064
0.7287823772146758
0.7361318824231167
0.7053822252359175
0.7227010753966866
0.7446093811732989
0.6893393461694546
0.7040775862849397
0.7312816219591535
0.7192196352353328
0.6996830497413578
0.7655235885048266
0.7412155651820443
0.7385680355298128
0.7144093868286343
0.7277542741091925
0.7463553542335606
0.6923440504920868
0.7442963538845169
0.7169047477211847
0.7132074324519914
0.7122964037319404
0.6979405414123115
0.7290196833615671
0.7200931945637697
0.710326061384084
0.7312511379127319
0.7377288999824864
