0.8364842454394693
0.8226644555002764
0.8326147042564953
0.8190160309563295
0.8253178551686015
0.8138197899391929
0.8290768380320619
0.8237700386954119
0.8201216141514649
0.8221116639027087
0.8220011055831952
0.8264234383637369
0.8151464897733555
0.8241017136539525
0.8247650635710337
0.82808181315644
0.8161415146489773
0.8072968490878939
0.819126589275843
0.8271973466003317
0.8174682144831399
0.8249861802100608
0.8300718629076838
0.8199004975124378
0.8301824212271973
0.8277501381978994
0.8184632393587618
0.8316196793808734
0.8172470978441128
0.8316196793808734
