0.8400221116639027
0.8342730790491985
0.8375898286346047
0.831730237700387
0.8391376451077943
0.8398009950248756
0.8363736871199557
0.8444444444444444
0.8375898286346047
0.8318407960199005
0.8302929795467109
0.8248756218905473
0.819126589275843
0.8271973466003317
0.8401326699834163
0.8375898286346047
0.8336097291321172
0.8337202874516307
0.839469320066335
0.837037037037037
0.8385848535102266
0.8334991708126036
0.8420121614151465
0.8290768380320619
0.8334991708126036
0.8375898286346047
0.8340519624101713
0.833167495854063
0.8318407960199005
0.8386954118297402
