0.7230514096185738
0.6880044223327806
0.6834715312327253
0.6857932559425097
0.7060254284134881
0.67893864013267
0.6813709231619679
0.690326147042565
0.6836926478717523
0.698065229408513
0.6899944720840243
0.6784964068546158
0.6882255389718076
0.6801547816473189
0.7307904919845218
0.679159756771697
0.6762852404643449
0.6793808734107242
0.6829187396351576
0.7066887783305694
0.6861249309010503
0.6746268656716418
0.6801547816473189
0.7023770038695412
0.6915422885572139
0.7034825870646766
0.6810392482034273
0.6846876727473742
0.6967385295743505
0.6971807628524046
