0.83681592039801
0.837037037037037
0.8395798783858486
0.8329463792150359
0.8332780541735766
0.8380320619126589
0.8392482034273079
0.8384742951907131
0.8337202874516307
0.8352681039248203
0.8374792703150912
0.833167495854063
0.8344941956882256
0.8123825317855169
0.8371475953565506
0.8360420121614152
0.8379215035931454
0.8404643449419569
0.8426755113322277
0.8374792703150912
0.8380320619126589
0.839469320066335
0.8384742951907131
0.831951354339414
0.8384742951907131
0.8347153123272526
0.8318407960199005
0.84212271973466
0.8361525704809287
0.831730237700387
