0.7436024697527209
0.7333392335370054
0.761538171155355
0.7804400419666361
0.7710249489714207
0.7750027765013907
0.725802375729835
0.765607354537533
0.7544594526636699
0.7592769645389356
0.7508673830150827
0.7232804698968203
0.7641071149689185
0.7388186606900347
0.742136695954057
0.7587682378325217
0.7853756132021082
0.7352821210692602
0.7660120868370215
0.7570178809343322
0.7655813476427867
0.7502167130655323
0.7450717597897051
0.6949726284067207
0.7708373278021798
0.7503045526794201
0.7615079514090363
0.7803128602900327
0.7537370978932689
0.74888094056854
