0.7803206191265892
0.7745715865118851
0.8162520729684909
0.7906025428413488
0.8054173576561636
0.807739082365948
0.7873963515754561
0.7950248756218905
0.822996130458817
0.8372581536760642
0.77191818684356
0.8320619126589276
0.8318407960199005
0.8216694306246545
0.7873963515754561
0.7892758430071863
0.8395798783858486
0.8221116639027087
0.8122719734660033
0.8212271973466003
0.7939192924267551
0.8238805970149253
0.8162520729684909
0.7982310668877833
0.821779988944168
0.8058595909342178
0.8192371475953566
0.8223327805417358
0.8297401879491432
0.8009950248756219
