0.5643378792469641
0.5076884620985788
0.5521157045871812
0.6114711885805141
0.508562692020154
0.5158841440823005
0.574693849085026
0.5284021620816909
0.5043843938223618
0.5006551415549467
0.5656428814358918
0.5484488174816479
0.503983742363481
0.5577865195802578
0.5040499913772899
0.5725721203361503
0.5026075734777284
0.5019124757482786
0.5307419453661064
0.5847655712565003
0.5797842098339578
0.5041362184783504
0.5057605627081144
0.5137217326830219
0.5727841674748245
0.5029419759228004
0.5073617714745997
0.5373931954690704
0.5550990337535233
0.5654753449167866
