0.752791597567717
0.7870646766169154
0.7716970702045329
0.7749032614704257
0.7739082365948038
0.7812050856826976
0.7830845771144279
0.7446102819237148
0.7735765616362631
0.7098949695964621
0.7541182974018795
0.7725815367606412
0.7692647871752349
0.7804311774461028
0.7535655058043118
0.7766721945826424
0.7577667219458264
0.7749032614704257
0.768048645660586
0.7752349364289662
0.7771144278606965
0.765616362631288
0.7694859038142621
0.7741293532338308
0.775787728026534
0.7610834715312327
0.7494748479823107
0.7758982863460475
0.7835268103924821
0.7846323935876175
