0.514537062173931
0.5891275002087222
0.546140607957504
0.6547142753520251
0.5043258566296459
0.5721525246211066
0.5012622518763475
0.5213951343773648
0.5021375156290114
0.6132623987362449
0.5037219036842723
0.5997961340976158
0.501749130436289
0.5100415454802413
0.5086054423327343
0.5995199614900714
0.5059084843779181
0.5952841599306518
0.5580150800749678
0.515768466765907
0.5205875167075487
0.5049638142354183
0.5032255529962493
0.5024796298951761
0.5743881703793869
0.5162956647383016
0.5574952306857162
0.5037941042121856
0.6045268892760198
0.587757282837074
