0.6918739635157546
0.6991708126036484
0.6969596462133776
0.6885572139303483
0.7093421779988944
0.6919845218352682
0.6788280818131565
0.7077943615257049
0.6790491984521835
0.6888888888888889
0.68424543946932
0.6852404643449419
0.6919845218352682
0.6865671641791045
0.6957435046987286
0.6935323383084577
0.6832504145936982
0.6808181315644002
0.6972913211719182
0.7143173023770039
0.6884466556108347
0.687893864013267
0.6997236042012162
0.7073521282476506
0.70702045328911
0.68424543946932
0.7017136539524599
0.6971807628524046
0.7041459369817579
0.6807075732448867
