0.6909892567626245
0.6479669627819691
0.6416946257436459
0.6714845523841095
0.6704841391869706
0.6902850501430432
0.6508725031442436
0.6863041578004009
0.6314466772836462
0.7161209919905474
0.6194042495263657
0.6508826458654636
0.659330023807174
0.6553764022521646
0.6737251158254057
0.6917533976439605
0.6813311787920897
0.6742003987123271
0.6408726741454939
0.643054700394074
0.6718666228247775
0.6528522617374196
0.6406045207142308
0.6465907938962165
0.6567315592195772
0.6264390230217978
0.6449636555283754
0.6366000737875984
0.6600394554649597
0.676340037886277
