0.7664770042995079
0.7629451020044811
0.8085735165110649
0.7662067273233062
0.8099549663177831
0.8173906986272848
0.7557042328844792
0.8130038739047956
0.8293766009712646
0.8438452905864482
0.7408734509158793
0.831425765954277
0.8390388701489153
0.8081956372775125
0.7584751516741972
0.7575395904218288
0.8435939578664096
0.8249690716856242
0.8151080554665466
0.8221704629875618
0.7620424556986614
0.8273484479065927
0.8116125887320459
0.7897190360044808
0.8098862305210855
0.8105498103730253
0.8271360375299684
0.8112778230490238
0.8264034145261426
0.7989116105713644
