0.7105775613839012
0.7209040235452626
0.7566876199087025
0.7120320898543521
0.7317378191865335
0.719566857821766
0.7736346612462637
0.7601342300758326
0.6846285850537579
0.7322114498538639
0.7725932907784461
0.7362756905991578
0.7115465504176164
0.7060671232645871
0.74837009085031
0.729123197446866
0.7460161351551782
0.7695528393093682
0.7540596298290059
0.7237561572318474
0.7121072909135227
0.7443037270932
0.7410166081887485
0.7313436356020059
0.7423179480878498
0.7635365223713034
0.7278274636258415
0.7512257407752153
0.6986890601068433
0.7617510694340303
