0.8342730790491985
0.8239911553344389
0.8311774461028192
0.831730237700387
0.825428413488115
0.8270867882808182
0.8283029297954672
0.8281923714759536
0.8326147042564953
0.8264234383637369
0.8169154228855722
0.8379215035931454
0.8124930901050305
0.8330569375345495
0.8263128800442233
0.8341625207296849
0.8380320619126589
0.8253178551686015
0.8360420121614152
0.8080707573244886
0.8270867882808182
0.8306246545052515
0.8341625207296849
0.8351575456053068
0.8226644555002764
0.8194582642343836
0.8337202874516307
0.8302929795467109
0.8278606965174129
0.8342730790491985
