0.8253178551686015
0.8300718629076838
0.8361525704809287
0.8323935876174682
0.8330569375345495
0.8325041459369817
0.8404643449419569
0.837037037037037
0.821779988944168
0.8380320619126589
0.825649530127142
0.8287451630735213
0.8344941956882256
0.8390270867882809
0.8277501381978994
0.840906578220011
0.8361525704809287
0.8290768380320619
0.8364842454394693
0.8342730790491985
0.8334991708126036
0.8388059701492537
0.8325041459369817
0.8329463792150359
0.8281923714759536
0.8347153123272526
0.8218905472636816
0.8330569375345495
0.8415699281370923
0.8299613045881703
