0.6847982310668878
0.6793808734107242
0.6780541735765616
0.6856826976229962
0.6719734660033168
0.6784964068546158
0.6901050304035379
0.6861249309010503
0.6780541735765616
0.673852957435047
0.6904367053620785
0.6883360972913212
0.6773908236594803
0.6864566058595909
0.677722498618021
0.6833609729132117
0.6766169154228856
0.6776119402985075
0.6794914317302377
0.6802653399668325
0.6888888888888889
0.6790491984521835
0.6788280818131565
0.6825870646766169
0.694416804864566
0.6769485903814262
0.67893864013267
0.682808181315644
0.6826976229961305
0.6825870646766169
