0.6780096192115099
0.598997625317931
0.6501710906627394
0.6702541816232221
0.6452009616752669
0.623617949453595
0.5955172748704275
0.6743539645410467
0.6044199576118077
0.6120288705993303
0.6554826633232383
0.6423599659025743
0.6124992916859975
0.6340815774317691
0.5989471631842579
0.6360329196407007
0.5962379389632831
0.6437617011517326
0.6326489390154777
0.5887784005973643
0.6545390270118269
0.595021958013493
0.6109646392885096
0.6333149497675444
0.6436018764537201
0.6091433083243075
0.620826018745537
0.6500067115196613
0.6151720244636847
0.6354531918724559
