0.736647416699319
0.7335141829794692
0.7465543849946588
0.6618542743459366
0.7021827414265817
0.6971986726399373
0.7516023763402011
0.7650220003733846
0.6802818510486949
0.6980629706534749
0.7740091737994336
0.6993741626542849
0.671915127825878
0.7224611531961347
0.7347487806946044
0.735556155453825
0.7108902412179294
0.6967341974610638
0.6810091152839204
0.7526683273042009
0.731310596230619
0.7458207848960449
0.6882438419720232
0.6775196468157543
0.7072447977254052
0.7553419953100013
0.7478184726708005
0.7266610344932364
0.7427058289810485
0.7502054677373192
