0.7136348974313282
0.7356025299931811
0.7256934386860256
0.7631690422947741
0.6520224739377078
0.7457083647859746
0.761579603057827
0.7284380617273646
0.7472942877846014
0.7369382693181138
0.6766848387632235
0.7419258543430785
0.7031763109564791
0.7221126143656514
0.7107883366507605
0.6608396073861175
0.7089550827755673
0.7505961350835266
0.7356636660990706
0.7254151582778289
0.6907481334413769
0.704939306409386
0.7217563796173352
0.7086529516564999
0.7297703179860366
0.7251783761162233
0.7304399955257526
0.6778864302790314
0.6941167560963281
0.6952312046115001
