0.6230708291144001
0.6719733447905205
0.6451214581694358
0.7055912037251427
0.6853824864528627
0.542103404475017
0.6576922423688674
0.6852103566354668
0.5381052093004371
0.6597714670661821
0.6776931366875947
0.5719044198850309
0.6506402273851806
0.6169724445008221
0.6782819739180037
0.5004616555538056
0.6386744352091955
0.6064035277556593
0.5476453941324996
0.6769328330809824
0.5777576961500375
0.633561128078251
0.6497773889422664
0.7048401882952255
0.6329715610625303
0.6121612353168854
0.7027778150042003
0.6294048016954372
0.6689728988253508
0.6266341717593519
