0.7824212271973466
0.756440022111664
0.7415146489773355
0.7632946379215035
0.7463792150359314
0.7339966832504146
0.7248203427307905
0.7608623548922057
0.7020453289110006
0.7880597014925373
0.7750138197899392
0.7594250967385295
0.7502487562189055
0.7650635710337202
0.7667219458264234
0.7493642896627971
0.7648424543946932
0.7627418463239358
0.6598120508568269
0.7640685461580984
0.7456053067993367
0.7381978993919293
0.7655058043117745
0.738750690989497
0.7546710889994472
0.7546710889994472
0.7630735212824765
0.7534549474847982
0.7219458264234384
0.750138197899392
