0.6000317058545899
0.6199454571726817
0.6595873953073211
0.6091748874770565
0.634383961017257
0.665028077494708
0.5333073684565294
0.6294434803169603
0.6757193659678287
0.5
0.661270976849485
0.5005424626910528
0.6447392496984328
0.6489678911712298
0.6068904935909589
0.5936731527773705
0.6363746163153723
0.6594060768294092
0.5582486771314342
0.6972597424017076
0.564818702088765
0.6287478290545578
0.6786318728029315
0.6992735186253817
0.6727449268974054
0.6842512197034604
0.5163961529433635
0.6207767158148326
0.6551633372312715
0.6245774377184629
