0.6768380320619126
0.6768380320619126
0.6872305140961857
0.6772802653399669
0.6768380320619126
0.6768380320619126
0.6769485903814262
0.6874516307352129
0.6988391376451077
0.6783858485351023
0.6918739635157546
0.6892205638474295
0.6948590381426202
0.6845771144278607
0.6907683803206192
0.6814814814814815
0.6768380320619126
0.6783858485351023
0.6962962962962963
0.6859038142620232
0.6894416804864566
0.6844665561083472
0.677722498618021
0.6780541735765616
0.6813709231619679
0.6832504145936982
0.685461580983969
0.6850193477059149
0.6812603648424544
0.7001658374792703
