0.6768380320619126
0.6768380320619126
0.6768380320619126
0.6768380320619126
0.6768380320619126
0.6768380320619126
0.6770591487009398
0.6768380320619126
0.6768380320619126
0.6768380320619126
0.6768380320619126
0.6768380320619126
0.6768380320619126
0.6768380320619126
0.6768380320619126
0.6768380320619126
0.6768380320619126
0.6768380320619126
0.6768380320619126
0.6768380320619126
0.6768380320619126
0.6768380320619126
0.6768380320619126
0.6768380320619126
0.6768380320619126
0.6768380320619126
0.6768380320619126
0.6768380320619126
0.6768380320619126
0.6768380320619126
