0.6768380320619126
0.6768380320619126
0.6768380320619126
0.6783858485351023
0.6768380320619126
0.6768380320619126
0.6768380320619126
0.6768380320619126
0.6768380320619126
0.6768380320619126
0.6768380320619126
0.6768380320619126
0.6768380320619126
0.6768380320619126
0.6768380320619126
0.6768380320619126
0.6768380320619126
0.6768380320619126
0.6768380320619126
0.6768380320619126
0.6768380320619126
0.6768380320619126
0.6783858485351023
0.6768380320619126
0.6768380320619126
0.6769485903814262
0.6768380320619126
0.6768380320619126
0.6768380320619126
0.6768380320619126
