0.6619792998386643
0.5
0.6157047742422406
0.6080955681730276
0.684936952520035
0.6290478039897496
0.6517588555798656
0.5920226437786532
0.6997977035115811
0.67755543946809
0.6515432040202412
0.5132067257545084
0.6545632546726494
0.5720246022570535
0.605744432102964
0.5750355305930647
0.572186216531548
0.6369683630106059
0.6671114486994761
0.6002973145360099
0.6293345101010912
0.6696805252012781
0.6000162476748044
0.6555807080854772
0.52406792151703
0.6774914505650728
0.5837894380958282
0.5915890849593503
0.6501665967178503
0.6123256360443884
