0.7123272526257601
0.7734660033167496
0.759093421779989
0.7604201216141515
0.7380873410724157
0.754007739082366
0.7594250967385295
0.7593145384190161
0.7659480375898287
0.7272526257600884
0.6781647318960752
0.7691542288557214
0.7353233830845771
0.7577667219458264
0.7573244886677722
0.756440022111664
0.7173023770038696
0.738750690989497
0.7846323935876175
0.7740187949143174
0.7521282476506357
0.7292426755113323
0.7614151464897734
0.7646213377556661
0.760309563294638
0.7679380873410724
0.7708126036484245
0.741404090657822
0.7814262023217247
0.7839690436705362
