0.7054726368159204
0.7000552791597567
0.69828634604754
0.7059148700939746
0.7006080707573245
0.6834715312327253
0.7029297954671089
0.7032614704256496
0.6876727473742399
0.7103372028745163
0.7143173023770039
0.6943062465450525
0.7040353786622443
0.6936428966279713
0.6870093974571586
0.7190713101160863
0.6934217799889442
0.704367053620785
0.7042564953012714
0.6843559977888336
0.708457711442786
0.6969596462133776
0.7028192371475953
0.6925373134328359
0.6946379215035932
0.7115533443891653
0.7010503040353787
0.6862354892205639
0.7114427860696517
0.7012714206744057
0.7085682697622996
