0.7650635710337202
0.7830845771144279
0.7760088446655611
0.7742399115533444
0.7816473189607518
0.6974018794914317
0.7632946379215035
0.7865118850193477
0.7943615257048093
0.756440022111664
0.7608623548922057
0.7563294637921504
0.7891652846876728
0.7606412382531785
0.7691542288557214
0.7114427860696517
0.7709231619679381
0.7547816473189608
0.7365395245992261
0.768048645660586
0.7665008291873964
0.7822001105583195
0.7440574903261471
0.708236594803759
0.7737976782752902
0.8012161415146489
0.7584300718629077
0.7813156440022112
0.7506909894969597
0.7584300718629077
