0.6305598178579623
0.7186238691145254
0.6080892756174682
0.6902378012681587
0.6951665770120896
0.5310006266692879
0.6710495889096412
0.6734398343277299
0.6729182805142511
0.7107559115858713
0.6766015692102971
0.6678969629172054
0.6738327739655178
0.7280989869237691
0.6429313671393492
0.7046942246171835
0.5780378735357459
0.5972965261151879
0.6292144962565814
0.6370383064036168
0.6058602519664306
0.7128510401402524
0.6391470424104336
0.7024333757334472
0.7327669578195799
0.6777775939855842
0.6614377818656638
0.5631650118477043
0.6652714790144023
0.6927963096812526
0.654388311203946
