0.6768380320619126
0.6844665561083472
0.6786069651741293
0.6768380320619126
0.6768380320619126
0.6773908236594803
0.6824765063571033
0.6856826976229962
0.6768380320619126
0.6809286898839138
0.6763957987838585
0.6772802653399669
0.677943615257048
0.6768380320619126
0.67893864013267
0.6768380320619126
0.6768380320619126
0.6778330569375346
0.6768380320619126
0.6768380320619126
0.6846876727473742
0.6831398562741846
0.6778330569375346
0.6804864566058596
0.6768380320619126
0.6768380320619126
0.6860143725815367
0.6776119402985075
0.6773908236594803
0.6768380320619126
