0.6533496880433168
0.673141233493749
0.6194760393569239
0.6378958869697894
0.6586815990471923
0.6490458786834089
0.6326216290055428
0.6434743990649194
0.6060023116944911
0.722614905692498
0.700016904481585
0.637359760142125
0.6931715514293642
0.5078017698753381
0.6224616905835004
0.5
0.5838505078575984
0.6878965968518653
0.6286628090657381
0.6361125238722727
0.6471880111399737
0.6525275848896226
0.6122392228290644
0.6205138935864212
0.5504160240685849
0.6431729645591042
0.6921618602784888
0.6419460627618022
0.6907136676714263
0.7025508849443034
