0.5994646626673547
0.6107060102331824
0.6321902263701155
0.647531673677692
0.5881432045775319
0.6275919154648539
0.6349889530407036
0.621892557556509
0.6197782036480508
0.5900973374379999
0.6365692699612537
0.625561221490771
0.6536301578074489
0.6239780849451527
0.6309626611316211
0.6468275967121446
0.5355158646702041
0.6336602130203518
0.5974936784005972
0.6322366009094716
0.6258647458363426
0.5344702813508141
0.6566376030771995
0.654909736835436
0.5265174459159423
0.654898491507223
0.5520420189152392
0.6045499062358562
0.6253054317390001
0.590011620835928
