0.7721393034825871
0.7959093421779989
0.7542288557213931
0.7532338308457711
0.7510226644555003
0.7547816473189608
0.7830845771144279
0.7354339414040907
0.7470425649530127
0.7626312880044224
0.7546710889994472
0.7693753454947485
0.7652846876727474
0.7572139303482587
0.7140961857379767
0.7197346600331676
0.7543394140409065
0.7600884466556108
0.7667219458264234
0.7388612493090105
0.7992260917634052
0.7311221669430624
0.7688225538971808
0.7519071310116087
0.7600884466556108
0.7606412382531785
0.7436152570480928
0.7730237700386954
0.7663902708678828
0.7837479270315091
