0.5730624564865507
0.5005347336011602
0.6393378100575827
0.5954320348948837
0.5837915611076443
0.5849931194513925
0.5867125599900113
0.6665825202087504
0.6910952127012366
0.660386344363397
0.6513176671868488
0.5799809539302455
0.6589950750106515
0.6041451739363678
0.6019654710704477
0.6736401744425734
0.575332785419367
0.6631928332959374
0.6002593988718581
0.5
0.6689069527708158
0.5
0.614448448828051
0.5676104294547721
0.6334866568043923
0.5378740332169082
0.6332941261703268
0.6093203469585136
0.5957981217449086
0.5893391568432035
0.6535486540569495
