0.5104178180135696
0.6505966392988329
0.6566916735343888
0.5423872909612905
0.6642004014349969
0.6024840167065107
0.5652009437318275
0.6741011002110672
0.6610432838322168
0.5981703220728345
0.6531404055191407
0.6861048743953231
0.647713622424737
0.6115028362774421
0.5518972560470343
0.5276796621969749
0.5930527689182578
0.5501047374610609
0.5868601093112247
0.6659767983999922
0.61272124602748
0.6846320017758994
0.6797962452678399
0.5399567409804837
0.600095628413488
0.5931532470868629
0.5966736319145997
0.5959013531944627
0.6933929417553035
0.6381917153975281
