0.6455203595988647
0.6574221583867229
0.5771412346267919
0.5500717646423733
0.6687235248431846
0.5835243312984929
0.6160045379037683
0.647659942890053
0.5996166945503019
0.6873396653717886
0.6480977563853598
0.580706107751129
0.6307901386596609
0.6745068597766276
0.645632516301281
0.6657226484897182
0.6500190336685814
0.6347279733345345
0.6488843621368361
0.5835565756519031
0.5
0.6746264209449485
0.5755768246587827
0.638312461308173
0.6314239050583176
0.5746661591766814
0.5774157028101093
0.5860022008866806
0.6393251407714704
0.6219410754279809
