0.7002763957987839
0.7386401326699834
0.7562189054726368
0.6793808734107242
0.7754560530679934
0.7537866224433388
0.7421779988944168
0.7935876174682145
0.760309563294638
0.7553344389165285
0.7687119955776672
0.746489773355445
0.7436152570480928
0.7778883360972914
0.7672747374239911
0.756440022111664
0.751354339414041
0.7588723051409618
0.7647318960751797
0.7596462133775567
0.7595356550580431
0.7787728026533997
0.7749032614704257
0.7823106688778331
0.7604201216141515
0.768048645660586
0.7598673300165838
0.7634051962410171
0.7122166943062466
0.7678275290215588
