0.7746821448313985
0.7744610281923715
0.7871752349364289
0.7929242675511332
0.7705914870093975
0.7690436705362078
0.7753454947484798
0.7802100608070758
0.7702598120508568
0.77191818684356
0.7807628524046435
0.7897180762852405
0.7879491431730238
0.7777777777777778
0.7892758430071863
0.7932559425096739
0.761746821448314
0.7847429519071311
0.7826423438363737
0.7858485351022665
0.7678275290215588
0.756440022111664
0.7943615257048093
0.7975677169707021
0.7616362631288004
0.7956882255389718
0.7688225538971808
0.7788833609729132
0.7772249861802101
0.7787728026533997
