0.7848535102266445
0.7659480375898287
0.7661691542288557
0.7849640685461581
0.7638474295190714
0.7736871199557767
0.7844112769485904
0.7943615257048093
0.7961304588170259
0.7805417357656164
0.8070757324488668
0.7802100608070758
0.7705914870093975
0.7843007186290768
0.7973466003316749
0.7975677169707021
0.7774461028192371
0.7611940298507462
0.8018794914317302
0.7692647871752349
0.7894969596462134
0.8009950248756219
0.7608623548922057
0.7627418463239358
0.7845218352681039
0.7827529021558872
0.8014372581536761
0.7804311774461028
0.7953565505804312
0.7929242675511332
