0.718947037887667
0.6993424833373427
0.6538732094883236
0.6644161525107998
0.6569459705434765
0.6202033035921493
0.6511967882015741
0.59312163411404
0.7036870943305897
0.6341113198591966
0.6599007717546017
0.6168585316480689
0.5985785706106433
0.554060074334605
0.6783753864379086
0.6601508890841765
0.5999333175257412
0.6357688945066141
0.6390179982307351
0.674546534627716
0.6674347767646441
0.5911675012535721
0.6153710301503503
0.563530000744381
0.6730442715634642
0.6269363360504789
0.6504723104193572
0.6489910784409079
0.6703171633696073
0.6287112734448508
