0.6768380320619126
0.6832504145936982
0.6770591487009398
0.6769485903814262
0.6804864566058596
0.6768380320619126
0.6768380320619126
0.6768380320619126
0.6768380320619126
0.6768380320619126
0.6768380320619126
0.6769485903814262
0.6773908236594803
0.6768380320619126
0.6788280818131565
0.6768380320619126
0.6767274737423992
0.6768380320619126
0.6768380320619126
0.6768380320619126
0.6767274737423992
0.6811498065229409
0.6768380320619126
0.6769485903814262
0.6768380320619126
0.6768380320619126
0.6768380320619126
0.6768380320619126
0.6768380320619126
0.6769485903814262
