0.5
0.7152369420509328
0.6521812685871343
0.5381544034648614
0.5910817846515003
0.6275785802968847
0.6556152070274877
0.6516767215602332
0.6990853335311272
0.6445586610058326
0.5535127021787276
0.6664412735788658
0.6047888114092778
0.6300533818052314
0.6415666739158674
0.6293731887226143
0.6046707520490713
0.6424407908590541
0.5115182015754606
0.5949359467431871
0.6124753415494775
0.6102893359922287
0.6188654412554007
0.6059208079439917
0.6663393690116969
0.502277361409457
0.5994337463077839
0.6275582126522746
0.6312029595315467
0.5408547749786604
