0.6883360972913212
0.6919845218352682
0.6883360972913212
0.6855721393034826
0.6850193477059149
0.6916528468767275
0.6962962962962963
0.7063571033720287
0.690326147042565
0.6936428966279713
0.7039248203427307
0.6833609729132117
0.693200663349917
0.6930901050304036
0.694416804864566
0.6908789386401327
0.6853510226644555
0.6880044223327806
0.6926478717523493
0.6937534549474847
0.6768380320619126
0.6772802653399669
0.6915422885572139
0.6904367053620785
0.686677722498618
0.6892205638474295
0.6856826976229962
0.6958540630182422
0.6874516307352129
0.693200663349917
