0.7705914870093975
0.7565505804311774
0.7896075179657269
0.7799889441680486
0.7740187949143174
0.7660585959093422
0.7674958540630182
0.7938087341072416
0.7771144278606965
0.7839690436705362
0.7902708678828082
0.7619679380873411
0.7995577667219458
0.7838584853510226
0.7735765616362631
0.8054173576561636
0.7672747374239911
0.7961304588170259
0.7849640685461581
0.756440022111664
0.7889441680486456
0.756440022111664
0.7796572692095081
0.7746821448313985
0.7875069098949696
0.7625207296849088
0.7886124930901051
0.7788833609729132
0.7761194029850746
0.7737976782752902
0.7924820342730791
