0.6481043229430039
0.7010563177978847
0.6194921941499614
0.6856206618409724
0.6198350937303083
0.6137021770026603
0.6387194496941071
0.6407697815274884
0.622898035855812
0.6773670885135376
0.6502537728905456
0.6378136866060379
0.6109498248714283
0.6496262902106731
0.6826799255831283
0.7218004984566367
0.6381853795341396
0.5178000940228857
0.5815844581204738
0.6693495675623963
0.6721638519289486
0.651153863556419
0.5834345965740162
0.5953364330190435
0.655681219426142
0.6437357948947668
0.626788023771894
0.633915969600063
0.6413804459731308
0.6445438994392992
