0.6768380320619126
0.6768380320619126
0.6768380320619126
0.6768380320619126
0.6768380320619126
0.6768380320619126
0.6768380320619126
0.6768380320619126
0.6768380320619126
0.6768380320619126
0.6768380320619126
0.6768380320619126
0.6768380320619126
0.6768380320619126
0.6768380320619126
0.6768380320619126
0.6768380320619126
0.6768380320619126
0.6768380320619126
0.6768380320619126
0.6768380320619126
0.6768380320619126
0.6768380320619126
0.6768380320619126
0.6768380320619126
0.6768380320619126
0.6768380320619126
0.6768380320619126
0.6768380320619126
0.6768380320619126
