0.7577667219458264
0.7272526257600884
0.7686014372581537
0.7588723051409618
0.7496959646213378
0.7543394140409065
0.7577667219458264
0.7856274184632394
0.7409618573797678
0.7610834715312327
0.7953565505804312
0.8054173576561636
0.7613045881702598
0.7714759535655058
0.7597567716970702
0.7592039800995025
0.7666113875069099
0.7582089552238805
0.7588723051409618
0.7803206191265892
0.7542288557213931
0.7529021558872305
0.7767827529021559
0.7535655058043118
0.7500276395798784
0.7637368711995578
0.7620784964068547
0.7313432835820896
0.7708126036484245
0.762962962962963
