0.6043412208087533
0.5866127784346583
0.6119961048040706
0.6270354209925797
0.5618337474754403
0.6974473635709483
0.6422124344005934
0.6674095659993288
0.6698098962338168
0.5962590806854621
0.6893554376900676
0.6161988057262405
0.5584433639493752
0.663375511828294
0.6429144215263844
0.6267487480532976
0.6140640841731725
0.5379204077562644
0.6891523583410414
0.5884973494860918
0.6229529024424323
0.6764108043786587
0.6118738325922916
0.5218622449284234
0.6558274086929107
0.6234194674610624
0.673779298060642
0.6518924394639766
0.6480621944272797
0.6412223811090163
