0.7859590934217799
0.7833056937534549
0.7347705914870094
0.7721393034825871
0.7173023770038696
0.7580983969043671
0.7761194029850746
0.7690436705362078
0.7756771697070205
0.7784411276948591
0.7648424543946932
0.7195135433941404
0.7582089552238805
0.7551133222775014
0.7359867330016584
0.7400773908236595
0.7546710889994472
0.7574350469872858
0.7195135433941404
0.7420674405749033
0.7320066334991708
0.7677169707020454
0.7598673300165838
0.7659480375898287
0.7784411276948591
0.7789939192924268
0.7594250967385295
0.7599778883360973
0.7508015478164732
0.7700386954118298
