0.756440022111664
0.7952459922609176
0.8029850746268656
0.7655058043117745
0.7745715865118851
0.7804311774461028
0.7883913764510779
0.7822001105583195
0.803869541182974
0.7877280265339967
0.7619679380873411
0.7868435599778884
0.7764510779436152
0.7734660033167496
0.780873410724157
0.7687119955776672
0.7688225538971808
0.7756771697070205
0.7571033720287451
0.7787728026533997
0.7766721945826424
0.7819789939192924
0.7765616362631288
0.7704809286898839
0.7743504698728579
0.7573244886677722
0.7755666113875069
0.7876174682144831
0.7779988944168048
0.7674958540630182
