0.8862747200798333
0.8223592657717491
0.9031562706314417
0.8712567607797681
0.8732964106343539
0.8841771171968419
0.9065220353810834
0.8414006172093517
0.8725268401140059
0.9093937713618097
0.8592721546172292
0.8539646944016953
0.8435051812818416
0.8579168392268987
0.8578826590043049
0.8662854878572727
0.8632249346480118
0.8952346408167955
0.8430775433467843
0.8700717705510788
0.8882847404383617
0.8441357199959957
0.8955312557503288
0.8582421426989713
0.839537872108524
0.8931390549485344
0.9200965208150279
