0.8840405428620512
0.8180037794193438
0.9018038137777015
0.871740250816011
0.8714310255969765
0.8848307850884728
0.907713451297028
0.8383439271602817
0.8721181927503865
0.9091908606768596
0.8576876825287751
0.8523964954475176
0.8449063734753479
0.8574471740250816
0.857000515375365
0.8662772719464009
0.860951726507473
0.893111149287064
0.8394777529634083
0.8707095000858959
0.8872015117677375
0.8433602473801752
0.8946572753822367
0.8572410238790585
0.8388593025253392
0.8919429651262669
0.9207009104964783
