0.49895207009104964
0.5341006699879746
0.661845043806906
0.631128672049476
0.6348737330355609
0.6311630304071465
0.5431025596976464
0.59453702113039
0.6041573612781309
0.553650575502491
0.6987459199450267
0.5989692492698849
0.47064078337055487
0.5494244975090191
0.49146194811887994
0.568940044665865
0.5960487888678921
0.5903453014945885
0.5716543549218347
0.5787321766019584
0.6296856210273148
0.5515890740422608
0.686548702971998
0.6386187940216458
0.5298402336368322
0.6329840233636832
0.6095859817900704
