0.5025555876422743
0.5390649103466021
0.6631086196685658
0.6293714959365785
0.635793255025764
0.6339852714498142
0.5421508483399781
0.5935620069876957
0.6054782634481419
0.5505677234692876
0.699001720241321
0.5990929856953957
0.46505653834868865
0.5488183551771526
0.4879543052922419
0.5647356910524921
0.600675610166943
0.5960755798066868
0.5674538186713157
0.5747792530793182
0.6305850087312896
0.5545631772906418
0.6882071320301864
0.63851389078075
0.5294628346036673
0.6352578151893237
0.607305594153509
